13001187030
13001211363
13005570806
13018896678
13032403008
13034672312
13038723879
13049657297
13082848892
13085215715
13087873964
13087892574
13099840029
13135632323
13177110079
13177236832
13206547652
13212345667
13213878902
13242606093
13244508800
13264768617
13269601778
13353336333
13361833721
13378162351
13393854374
13502160500
13516988455
13543316389
13544475293
13556029592
13579890042
13586228257
13590949119
13593437234
13594193283
13595137431
13625896278
13627668900
13636034734
13638605407
13641483213
13642152218
13651127931
13658637501
13661464128
13681983372
13691065090
13693344153
13693546691
13699863055
13700245977
13704232055
13710363710
13724500166
13724880920
13735110940
13753615723
13774546247
13775555292
13780123408
13803481374
13806081658
13806588867
13820897019
13823723652
13831006746
13859512608
13860126042
13876652167
13883658777
13895707402
13898132061
13902118991
13902545680
13906060239
13906987770
13911311880
13916354958
13929351710
13931476015
13933226328
13943098134
13944274663
13962202915
14227840576
14728982769
15005902281
15007408178
15013283314
15018465466
15030361216
15032529888
15034557881
15040258177
15041036700
15046884161
15058751015
15062844907
15077572469
15100207479
15151217653
15157177166
15177125607
15180918846
15190560123
15192532308
15221071816
15267607109
15286686571
15329609010
15358230000
15375377758
15381961301
15454845218
15519559598
15606827573
15611608870
15614442345
15634025806
15637296192
15641817001
15664470979
15696102181
15698800897
15721589651
15731364472
15760335958
15814021029
15816490499
15836326024
15844358075
15844586145
15853273666
15867047229
15880625678
15882853529
15901196303
15916175799
15921655806
15929545230
15969334895
15992464219
15992689785
17044705292
17048441471
17049067986
17078078174
17079611914
17123425190
17127580777
17573407258
17600788021
17624636241
17653417172
17662072962
17665288384
17665637582
17693606298
17703807528
17717773189
17731125911
17737222713
17737222713
17749955452
17770416839
17777201237
18000510312
18025412750
18056196111
18070095977
18173436649
18191933780
18205460356
18223421805
18228706565
18234432352
18251436136
18280863554
18297736188
18318462482
18368976869
18368997644
18369257838
18371347609
18474380727
18481952816
18501036869
18513271387
18518796772
18601230094
18625746620
18637156109
18638001595
18665437313
18671420690
18674888478
18682486608
18683758185
18688277865
18689213383
18704093792
18723772780
18753382520
18764630789
18766152263
18769709816
18774800666
18797186072
18810434452
18820220542
18837078681
18850570817
18850755386
18868495594
18873621168
18873715516
18887244475
18912271206
18921966766
18942290577
18956366970
18964928183
18968405356
18975580510
18982055777
19829479749
19875883385
19884521295
19906811053
19953301581
19975217367
19987230810